{"allowYogaMigration":true,"cameraFar":50,"cameraNear":0.009999999776482582,"children":[{"identifier":"fonts:120-33e48896-4032-4206-9d6e-29aabcf42c5b","modelName":"fonts"},{"identifier":"generic_m_l_models_model:122-33e48896-4032-4206-9d6e-29aabcf42c5b","modelName":"generic_m_l_models_model"},{"children":[{"color":4286513279,"identifier":"colorTexture:78907-0086da6f-214e-4eb9-b7fb-d60f71f32661","modelName":"colorTexture","name":"colorTexture0"}],"identifier":"textures:124-33e48896-4032-4206-9d6e-29aabcf42c5b","modelName":"textures"},{"children":[{"alphaTestEnabled":true,"alphaTestThreshold":0.1,"blendMode":5,"castsShadow":false,"colorEncoding":0,"cullMode":0,"diffuseFactor":16777215,"diffuseTextureTransform":{"offsetU":0,"offsetV":0,"scaleU":1,"scaleV":1},"doubleSided":true,"emissiveEnabled":false,"emissiveFactor":0,"emissiveTextureTransform":{"offsetU":0,"offsetV":0,"scaleU":1,"scaleV":1},"identifier":"defaultMaterial:116273-6b892593-7770-46ff-b0f8-845415fc0437","importIssues":{},"invertMultiply":false,"isDiffuseTextureIdentifierEnabled":false,"isEmissiveTextureIdentifierEnabled":false,"isMultiplyTextureIdentifierEnabled":false,"isNormalTextureIdentifierEnabled":false,"isReflectiveTextureIdentifierEnabled":false,"isSpecularTextureIdentifierEnabled":false,"lightingEnabled":false,"modelName":"defaultMaterial","multiplyMode":2,"multiplyTextureTransform":{"offsetU":0,"offsetV":0,"scaleU":1,"scaleV":1},"name":"wing_mat","normalTextureTransform":{"offsetU":0,"offsetV":0,"scaleU":1,"scaleV":1},"readDepth":true,"receivesShadow":false,"reflectiveTextureTransform":{"offsetU":0,"offsetV":0,"scaleU":1,"scaleV":1},"shininessFactor":1,"specularTextureTransform":{"offsetU":0,"offsetV":0,"scaleU":1,"scaleV":1},"transparency":1,"writeDepth":true,"writesToColorBuffer":15}],"identifier":"materials:126-33e48896-4032-4206-9d6e-29aabcf42c5b","modelName":"materials"},{"children":[{"assetLocator":"1546-33e48896-4032-4206-9d6e-29aabcf42c5b.glb","excludeDuringExport":false,"identifier":"gltf:1545-33e48896-4032-4206-9d6e-29aabcf42c5b","isExternalAsset":false,"modelName":"gltf","name":"gltf0","sourceIdentifier":"master3_d_object_model:1574-33e48896-4032-4206-9d6e-29aabcf42c5b"}],"identifier":"prefabs:128-33e48896-4032-4206-9d6e-29aabcf42c5b","modelName":"prefabs"},{"children":[{"animationMask":{"position":false,"rotation":false,"scale":false},"cameraVisibility":3,"children":[{"animationMask":{"position":false,"rotation":false,"scale":false},"cameraVisibility":3,"castShadow":false,"children":[{"children":[{"identifier":"surface:1548-33e48896-4032-4206-9d6e-29aabcf42c5b","isMaterialIdentifierEnabled":true,"joints":["joint:1554-33e48896-4032-4206-9d6e-29aabcf42c5b","joint:1556-33e48896-4032-4206-9d6e-29aabcf42c5b","joint:1558-33e48896-4032-4206-9d6e-29aabcf42c5b","joint:1560-33e48896-4032-4206-9d6e-29aabcf42c5b","joint:1562-33e48896-4032-4206-9d6e-29aabcf42c5b","joint:1564-33e48896-4032-4206-9d6e-29aabcf42c5b","joint:1566-33e48896-4032-4206-9d6e-29aabcf42c5b","joint:1568-33e48896-4032-4206-9d6e-29aabcf42c5b","joint:1570-33e48896-4032-4206-9d6e-29aabcf42c5b","joint:1572-33e48896-4032-4206-9d6e-29aabcf42c5b"],"materialIdentifier":"dependent_material_model:1535-33e48896-4032-4206-9d6e-29aabcf42c5b","modelName":"surface","name":"surface0"}],"identifier":"surfaces:1541-33e48896-4032-4206-9d6e-29aabcf42c5b","modelName":"surfaces"},{"identifier":"blend_shapes_model:1543-33e48896-4032-4206-9d6e-29aabcf42c5b","modelName":"blend_shapes_model"}],"hidden":false,"identifier":"mesh:1539-33e48896-4032-4206-9d6e-29aabcf42c5b","layerIdentifier":"layer:206-33e48896-4032-4206-9d6e-29aabcf42c5b","modelName":"mesh","name":"wing_GEO","nodeName":"wing_GEO","numberOfFaces":100,"outputVisibility":3,"prefabIdentifier":"gltf:1545-33e48896-4032-4206-9d6e-29aabcf42c5b","receiveShadow":false,"renderPass":2,"skeletonIdentifier":"skeleton:1533-33e48896-4032-4206-9d6e-29aabcf42c5b","transform":{"rx":0,"ry":0,"rz":0,"sx":1,"sy":1,"sz":1,"x":0,"y":0,"z":0},"useEmbeddedBlendshapes":false},{"animationMask":{"position":false,"rotation":false,"scale":false},"cameraVisibility":3,"children":[{"animationMask":{"position":false,"rotation":false,"scale":false},"cameraVisibility":3,"children":[{"animationMask":{"position":false,"rotation":false,"scale":false},"cameraVisibility":3,"children":[{"animationMask":{"position":false,"rotation":false,"scale":false},"cameraVisibility":3,"children":[{"animationMask":{"position":false,"rotation":false,"scale":false},"cameraVisibility":3,"children":[{"animationMask":{"position":false,"rotation":false,"scale":false},"cameraVisibility":3,"children":[{"animationMask":{"position":false,"rotation":false,"scale":false},"cameraVisibility":3,"children":[{"animationMask":{"position":false,"rotation":false,"scale":false},"cameraVisibility":3,"children":[{"animationMask":{"position":false,"rotation":false,"scale":false},"cameraVisibility":3,"children":[{"animationMask":{"position":false,"rotation":false,"scale":false},"cameraVisibility":3,"children":[{"animationMask":{"position":false,"rotation":false,"scale":false},"cameraVisibility":3,"children":[{"animationMask":{"position":false,"rotation":false,"scale":false},"cameraVisibility":3,"children":[{"animationMask":{"position":false,"rotation":false,"scale":false},"cameraVisibility":3,"hidden":false,"identifier":"joint:1572-33e48896-4032-4206-9d6e-29aabcf42c5b","layerIdentifier":"layer:206-33e48896-4032-4206-9d6e-29aabcf42c5b","modelName":"joint","name":"wingJ_JNT","outputVisibility":3,"transform":{"rx":0,"ry":0,"rz":0,"sx":1,"sy":1,"sz":1,"x":-1.0683802997846215E-7,"y":0.10183188319206238,"z":2.7851648098931037E-8}}],"hidden":false,"identifier":"joint:1570-33e48896-4032-4206-9d6e-29aabcf42c5b","layerIdentifier":"layer:206-33e48896-4032-4206-9d6e-29aabcf42c5b","modelName":"joint","name":"wingI_JNT","outputVisibility":3,"transform":{"rx":0,"ry":0,"rz":0,"sx":1,"sy":1,"sz":1,"x":3.660471747934935E-8,"y":0.1018320843577385,"z":-8.778171078915875E-9}}],"hidden":false,"identifier":"joint:1568-33e48896-4032-4206-9d6e-29aabcf42c5b","layerIdentifier":"layer:206-33e48896-4032-4206-9d6e-29aabcf42c5b","modelName":"joint","name":"wingH_JNT","outputVisibility":3,"transform":{"rx":0,"ry":0,"rz":0,"sx":1,"sy":1,"sz":1,"x":-8.255941708057435E-8,"y":0.10183188319206238,"z":2.7851648098931037E-8}}],"hidden":false,"identifier":"joint:1566-33e48896-4032-4206-9d6e-29aabcf42c5b","layerIdentifier":"layer:206-33e48896-4032-4206-9d6e-29aabcf42c5b","modelName":"joint","name":"wingG_JNT","outputVisibility":3,"transform":{"rx":0,"ry":0,"rz":0,"sx":1,"sy":1,"sz":1,"x":7.584132788451825E-8,"y":0.10183212161064148,"z":-8.778163973488518E-9}}],"hidden":false,"identifier":"joint:1564-33e48896-4032-4206-9d6e-29aabcf42c5b","layerIdentifier":"layer:206-33e48896-4032-4206-9d6e-29aabcf42c5b","modelName":"joint","name":"wingF_JNT","outputVisibility":3,"transform":{"rx":0,"ry":0,"rz":0,"sx":1,"sy":1,"sz":1,"x":-1.0835544372866934E-7,"y":0.10183188319206238,"z":1.8314921135242912E-8}}],"hidden":false,"identifier":"joint:1562-33e48896-4032-4206-9d6e-29aabcf42c5b","layerIdentifier":"layer:206-33e48896-4032-4206-9d6e-29aabcf42c5b","modelName":"joint","name":"wingE_JNT","outputVisibility":3,"transform":{"rx":0,"ry":0,"rz":0,"sx":1,"sy":1,"sz":1,"x":9.855222771193439E-8,"y":0.10183212161064148,"z":-3.228117861908686E-8}}],"hidden":false,"identifier":"joint:1560-33e48896-4032-4206-9d6e-29aabcf42c5b","layerIdentifier":"layer:206-33e48896-4032-4206-9d6e-29aabcf42c5b","modelName":"joint","name":"wingD_JNT","outputVisibility":3,"transform":{"rx":0,"ry":0,"rz":0,"sx":1,"sy":1,"sz":1,"x":-9.014648583161033E-8,"y":0.10183188319206238,"z":1.8314921135242912E-8}}],"hidden":false,"identifier":"joint:1558-33e48896-4032-4206-9d6e-29aabcf42c5b","layerIdentifier":"layer:206-33e48896-4032-4206-9d6e-29aabcf42c5b","modelName":"joint","name":"wingC_JNT","outputVisibility":3,"transform":{"rx":0,"ry":0,"rz":0,"sx":1,"sy":1,"sz":1,"x":9.014648583161033E-8,"y":0.10183209180831909,"z":-8.778166638023777E-9}}],"hidden":false,"identifier":"joint:1556-33e48896-4032-4206-9d6e-29aabcf42c5b","layerIdentifier":"layer:206-33e48896-4032-4206-9d6e-29aabcf42c5b","modelName":"joint","name":"wingB_JNT","outputVisibility":3,"transform":{"rx":0,"ry":0,"rz":0,"sx":1,"sy":1,"sz":1,"x":-9.014648583161033E-8,"y":0.10183188319206238,"z":2.7851653428001555E-8}}],"hidden":false,"identifier":"joint:1554-33e48896-4032-4206-9d6e-29aabcf42c5b","layerIdentifier":"layer:206-33e48896-4032-4206-9d6e-29aabcf42c5b","modelName":"joint","name":"wingA_JNT","outputVisibility":3,"transform":{"rx":0,"ry":0,"rz":0,"sx":1,"sy":1,"sz":1,"x":0,"y":0,"z":0}}],"hidden":false,"identifier":"skeleton:1533-33e48896-4032-4206-9d6e-29aabcf42c5b","inverseBindMatrices":{"0":{"m11":0.7071068286895752,"m12":-0.7071068286895752,"m13":0,"m14":0,"m21":0.7071068286895752,"m22":0.7071068286895752,"m23":-1.6292068494294654E-7,"m24":0,"m31":1.1520232590100932E-7,"m32":1.1520232590100932E-7,"m33":1,"m34":0,"m41":0.25457999110221863,"m42":0.25457999110221863,"m43":0.2750000059604645,"m44":1},"1":{"m11":0.7071068286895752,"m12":-0.7071068286895752,"m13":0,"m14":0,"m21":0.7071068286895752,"m22":0.7071068286895752,"m23":-1.6292068494294654E-7,"m24":0,"m31":1.1520232590100932E-7,"m32":1.1520232590100932E-7,"m33":1,"m34":0,"m41":0.2545800805091858,"m42":0.15274807810783386,"m43":0.2749999761581421,"m44":1},"2":{"m11":0.7071068286895752,"m12":-0.7071068286895752,"m13":3.879183552157883E-8,"m14":0,"m21":0.7071068286895752,"m22":0.7071068286895752,"m23":-2.565724344094633E-7,"m24":0,"m31":1.539941365535924E-7,"m32":2.088540753675261E-7,"m33":1,"m34":0,"m41":0.254580020904541,"m42":0.050916027277708054,"m43":0.2749999761581421,"m44":1},"3":{"m11":0.7071068286895752,"m12":-0.7071068286895752,"m13":7.758367104315766E-8,"m14":0,"m21":0.7071068286895752,"m22":0.7071068286895752,"m23":-3.5022415545427066E-7,"m24":0,"m31":1.9278594720617548E-7,"m32":3.0250581062318815E-7,"m33":1,"m34":0,"m41":0.2545801103115082,"m42":-0.05091583728790283,"m43":0.2749999463558197,"m44":1},"4":{"m11":0.70710688829422,"m12":-0.7071066498756409,"m13":3.879184617971987E-8,"m14":0,"m21":0.7071066498756409,"m22":0.70710688829422,"m23":-2.565724344094633E-7,"m24":0,"m31":1.5399409392102825E-7,"m32":2.0885410378923552E-7,"m33":1,"m34":0,"m41":0.25457999110221863,"m42":-0.1527479588985443,"m43":0.2749999463558197,"m44":1},"5":{"m11":0.7071070671081543,"m12":-0.7071065902709961,"m13":3.55271401761368E-14,"m14":0,"m21":0.7071065902709961,"m22":0.7071070671081543,"m23":-1.6292071336465597E-7,"m24":0,"m31":1.1520228326844517E-7,"m32":1.1520240406071025E-7,"m33":1,"m34":0,"m41":0.25458019971847534,"m42":-0.2545798718929291,"m43":0.2749999463558197,"m44":1},"6":{"m11":0.7071067094802856,"m12":-0.7071068286895752,"m13":2.842170943040401E-14,"m14":0,"m21":0.7071068286895752,"m22":0.7071067094802856,"m23":-1.6292069915380125E-7,"m24":0,"m31":1.1520231879558196E-7,"m32":1.1520234011186403E-7,"m33":1,"m34":0,"m41":0.25457990169525146,"m42":-0.35641199350357056,"m43":0.2749999165534973,"m44":1},"7":{"m11":0.7071067094802856,"m12":-0.7071068286895752,"m13":2.842170943040401E-14,"m14":0,"m21":0.7071068286895752,"m22":0.7071067094802856,"m23":-1.6292069915380125E-7,"m24":0,"m31":1.1520231879558196E-7,"m32":1.1520234011186403E-7,"m33":1,"m34":0,"m41":0.25457999110221863,"m42":-0.4582439363002777,"m43":0.2749998867511749,"m44":1},"8":{"m11":0.7071068286895752,"m12":-0.7071066498756409,"m13":3.552713339987322E-14,"m14":0,"m21":0.7071066498756409,"m22":0.7071068286895752,"m23":-1.6292068494294654E-7,"m24":0,"m31":1.1520228326844517E-7,"m32":1.1520235432271875E-7,"m33":1,"m34":0,"m41":0.254580020904541,"m42":-0.5600758790969849,"m43":0.27499985694885254,"m44":1},"9":{"m11":0.7071068286895752,"m12":-0.7071066498756409,"m13":3.552713339987322E-14,"m14":0,"m21":0.7071066498756409,"m22":0.7071068286895752,"m23":-1.6292068494294654E-7,"m24":0,"m31":1.1520228326844517E-7,"m32":1.1520235432271875E-7,"m33":1,"m34":0,"m41":0.25458014011383057,"m42":-0.6619077920913696,"m43":0.27499982714653015,"m44":1}},"jointIdentifiers":["joint:1554-33e48896-4032-4206-9d6e-29aabcf42c5b","joint:1556-33e48896-4032-4206-9d6e-29aabcf42c5b","joint:1558-33e48896-4032-4206-9d6e-29aabcf42c5b","joint:1560-33e48896-4032-4206-9d6e-29aabcf42c5b","joint:1562-33e48896-4032-4206-9d6e-29aabcf42c5b","joint:1564-33e48896-4032-4206-9d6e-29aabcf42c5b","joint:1566-33e48896-4032-4206-9d6e-29aabcf42c5b","joint:1568-33e48896-4032-4206-9d6e-29aabcf42c5b","joint:1570-33e48896-4032-4206-9d6e-29aabcf42c5b","joint:1572-33e48896-4032-4206-9d6e-29aabcf42c5b"],"layerIdentifier":"layer:206-33e48896-4032-4206-9d6e-29aabcf42c5b","modelName":"skeleton","name":"skeleton","outputVisibility":3,"transform":{"rx":0,"ry":0,"rz":0,"sx":1,"sy":1,"sz":1,"x":0,"y":0,"z":0}}],"hidden":false,"identifier":"sceneObject:1552-33e48896-4032-4206-9d6e-29aabcf42c5b","layerIdentifier":"layer:206-33e48896-4032-4206-9d6e-29aabcf42c5b","modelName":"sceneObject","name":"wingA_JNT_$AssimpFbx$_PreRotation","outputVisibility":3,"transform":{"rx":1.1520231879558196E-7,"ry":-1.1520232590100932E-7,"rz":0.7853981852531433,"sx":0.9999999403953552,"sy":0.9999999403953552,"sz":1,"x":0,"y":0,"z":0}}],"hidden":false,"identifier":"sceneObject:1550-33e48896-4032-4206-9d6e-29aabcf42c5b","layerIdentifier":"layer:206-33e48896-4032-4206-9d6e-29aabcf42c5b","modelName":"sceneObject","name":"wingA_JNT_$AssimpFbx$_Translation","outputVisibility":3,"transform":{"rx":0,"ry":0,"rz":0,"sx":1,"sy":1,"sz":1,"x":0,"y":-0.3600303828716278,"z":-0.27500003576278687}}],"depth":0.2750000059604645,"globalScaleFactor":1,"height":0.7200608849525452,"hidden":false,"identifier":"master3_d_object_model:1574-33e48896-4032-4206-9d6e-29aabcf42c5b","layerIdentifier":"layer:206-33e48896-4032-4206-9d6e-29aabcf42c5b","modelName":"master3_d_object_model","name":"wing","outputVisibility":3,"sourceIdentifier":"asset_collection_model:1578-33e48896-4032-4206-9d6e-29aabcf42c5b","transform":{"rx":0,"ry":0,"rz":0,"sx":1,"sy":1,"sz":1,"x":0,"y":0,"z":0},"width":0.7200608849525452}],"identifier":"3_d_objects_model:130-33e48896-4032-4206-9d6e-29aabcf42c5b","modelName":"3_d_objects_model"},{"animationMask":{"position":false,"rotation":false,"scale":false},"cameraVisibility":3,"children":[{"animationMask":{"position":false,"rotation":false,"scale":false},"cameraVisibility":3,"children":[{"animationMask":{"position":false,"rotation":false,"scale":false},"cameraVisibility":3,"children":[{"animationMask":{"position":false,"rotation":false,"scale":false},"cameraVisibility":3,"children":[{"animationMask":{"position":false,"rotation":false,"scale":false},"cameraVisibility":3,"color":16777215,"hidden":false,"identifier":"ambient_light_source_model:208-33e48896-4032-4206-9d6e-29aabcf42c5b","intensity":0.20000000298023224,"layerIdentifier":"layer:206-33e48896-4032-4206-9d6e-29aabcf42c5b","modelName":"ambient_light_source_model","name":"ambientLight0","outputVisibility":3,"transform":{"rx":0,"ry":0,"rz":0,"sx":1,"sy":1,"sz":1,"x":0,"y":0,"z":0}},{"animationMask":{"position":false,"rotation":false,"scale":false},"cameraVisibility":3,"castShadow":false,"color":16777215,"hidden":false,"identifier":"directional_light_source_model:210-33e48896-4032-4206-9d6e-29aabcf42c5b","intensity":0.800000011920929,"layerIdentifier":"layer:206-33e48896-4032-4206-9d6e-29aabcf42c5b","modelName":"directional_light_source_model","name":"directionalLight0","outputVisibility":3,"transform":{"rx":-0.7853981633974483,"ry":0.08726646259971647,"rz":0,"sx":1,"sy":1,"sz":1,"x":0.03,"y":0.25,"z":0.3}}],"hidden":false,"identifier":"focalDistance:196-33e48896-4032-4206-9d6e-29aabcf42c5b","layerIdentifier":"layer:206-33e48896-4032-4206-9d6e-29aabcf42c5b","modelName":"focalDistance","name":"Focal Distance","outputVisibility":3,"transform":{"rx":0,"ry":0,"rz":0,"sx":1,"sy":1,"sz":1,"x":0,"y":0,"z":-0.5361266732215881}}],"hidden":false,"identifier":"camera:194-33e48896-4032-4206-9d6e-29aabcf42c5b","layerIdentifier":"layer:206-33e48896-4032-4206-9d6e-29aabcf42c5b","modelName":"camera","name":"Camera","outputVisibility":3,"projectionType":0,"transform":{"rx":0,"ry":0,"rz":0,"sx":1,"sy":1,"sz":1,"x":0,"y":0,"z":0},"updateSource":0}],"hidden":false,"identifier":"device:192-33e48896-4032-4206-9d6e-29aabcf42c5b","layerIdentifier":"layer:206-33e48896-4032-4206-9d6e-29aabcf42c5b","modelName":"device","name":"Device","outputVisibility":3,"transform":{"rx":0,"ry":0,"rz":0,"sx":1,"sy":1,"sz":1,"x":0,"y":0,"z":0}},{"animationMask":{"position":false,"rotation":false,"scale":false},"cameraVisibility":3,"children":[{"children":[{"children":[{"identifier":"port_value_type_info_model:353-33e48896-4032-4206-9d6e-29aabcf42c5b","modelName":"port_value_type_info_model","rawSubtype":5,"type":7},{"identifier":"port_widget_style_info_model:355-33e48896-4032-4206-9d6e-29aabcf42c5b","modelName":"port_widget_style_info_model","widgetStyle":0}],"defaultValue":{"type":6,"value":""},"identifier":"block_port_model:351-33e48896-4032-4206-9d6e-29aabcf42c5b","modelName":"block_port_model","name":"Texture","portTag":-7272848395796848140},{"children":[{"identifier":"port_value_type_info_model:324580-5d287ab0-2692-4b3f-8843-b5832b1cdfd5","modelName":"port_value_type_info_model","rawSubtype":0,"type":4},{"identifier":"port_widget_style_info_model:324582-5d287ab0-2692-4b3f-8843-b5832b1cdfd5","modelName":"port_widget_style_info_model","widgetStyle":0}],"defaultValue":{"type":4,"value":false},"identifier":"block_port_model:324578-5d287ab0-2692-4b3f-8843-b5832b1cdfd5","modelName":"block_port_model","name":"Texture Split","portTag":4814909335370062897},{"children":[{"identifier":"port_value_type_info_model:281567-9cfc3054-61a2-4256-bf63-9d3f0aec1f8f","maximumValue":{"type":0,"value":1},"minimumValue":{"type":0,"value":0},"modelName":"port_value_type_info_model","rawSubtype":0,"type":0},{"identifier":"port_widget_style_info_model:281569-9cfc3054-61a2-4256-bf63-9d3f0aec1f8f","modelName":"port_widget_style_info_model","widgetStyle":2}],"defaultValue":{"type":0,"value":0},"identifier":"block_port_model:281565-9cfc3054-61a2-4256-bf63-9d3f0aec1f8f","modelName":"block_port_model","name":"Hue","portTag":-8749994621416088740},{"children":[{"identifier":"port_value_type_info_model:81751-0086da6f-214e-4eb9-b7fb-d60f71f32661","maximumValue":{"type":0,"value":1},"minimumValue":{"type":0,"value":0},"modelName":"port_value_type_info_model","rawSubtype":0,"type":0},{"identifier":"port_widget_style_info_model:81753-0086da6f-214e-4eb9-b7fb-d60f71f32661","modelName":"port_widget_style_info_model","widgetStyle":2}],"defaultValue":{"type":0,"value":0.9},"identifier":"block_port_model:81749-0086da6f-214e-4eb9-b7fb-d60f71f32661","modelName":"block_port_model","name":"Transparency","portTag":-407624103395105536},{"children":[{"identifier":"port_value_type_info_model:23423-0086da6f-214e-4eb9-b7fb-d60f71f32661","maximumValue":{"type":0,"value":0.5},"minimumValue":{"type":0,"value":-0.5},"modelName":"port_value_type_info_model","rawSubtype":0,"type":0},{"identifier":"port_widget_style_info_model:23425-0086da6f-214e-4eb9-b7fb-d60f71f32661","modelName":"port_widget_style_info_model","widgetStyle":2}],"defaultValue":{"type":0,"value":0},"identifier":"block_port_model:23421-0086da6f-214e-4eb9-b7fb-d60f71f32661","modelName":"block_port_model","name":"Position","portTag":-9222073142211808247},{"children":[{"identifier":"port_value_type_info_model:129823-b2a897c4-1837-4195-a7ab-95af580ded31","maximumValue":{"type":0,"value":5},"minimumValue":{"type":0,"value":0.1},"modelName":"port_value_type_info_model","rawSubtype":0,"type":0},{"identifier":"port_widget_style_info_model:129825-b2a897c4-1837-4195-a7ab-95af580ded31","modelName":"port_widget_style_info_model","widgetStyle":2}],"defaultValue":{"type":0,"value":1},"identifier":"block_port_model:129821-b2a897c4-1837-4195-a7ab-95af580ded31","modelName":"block_port_model","name":"Globl Scale","portTag":-4607661420774081965},{"children":[{"identifier":"port_value_type_info_model:53472-0386e474-a5d0-45fc-aace-212706bf878d","maximumValue":{"type":0,"value":5},"minimumValue":{"type":0,"value":0.1},"modelName":"port_value_type_info_model","rawSubtype":0,"type":0},{"identifier":"port_widget_style_info_model:53474-0386e474-a5d0-45fc-aace-212706bf878d","modelName":"port_widget_style_info_model","widgetStyle":2}],"defaultValue":{"type":0,"value":1},"identifier":"block_port_model:53470-0386e474-a5d0-45fc-aace-212706bf878d","modelName":"block_port_model","name":"Scale Y","portTag":-6004824998561262982},{"children":[{"identifier":"port_value_type_info_model:52228-b2a897c4-1837-4195-a7ab-95af580ded31","maximumValue":{"type":0,"value":1},"minimumValue":{"type":0,"value":0},"modelName":"port_value_type_info_model","rawSubtype":0,"type":0},{"identifier":"port_widget_style_info_model:52230-b2a897c4-1837-4195-a7ab-95af580ded31","modelName":"port_widget_style_info_model","widgetStyle":2}],"defaultValue":{"type":0,"value":0.5},"identifier":"block_port_model:52226-b2a897c4-1837-4195-a7ab-95af580ded31","modelName":"block_port_model","name":"Motion Speed","portTag":-2949981332080217360},{"children":[{"identifier":"port_value_type_info_model:52572-b2a897c4-1837-4195-a7ab-95af580ded31","maximumValue":{"type":0,"value":1},"minimumValue":{"type":0,"value":0},"modelName":"port_value_type_info_model","rawSubtype":0,"type":0},{"identifier":"port_widget_style_info_model:52574-b2a897c4-1837-4195-a7ab-95af580ded31","modelName":"port_widget_style_info_model","widgetStyle":2}],"defaultValue":{"type":0,"value":0.5},"identifier":"block_port_model:52570-b2a897c4-1837-4195-a7ab-95af580ded31","modelName":"block_port_model","name":"Motion Range","portTag":-546351069689818880}],"identifier":"block_inputs_model:200-33e48896-4032-4206-9d6e-29aabcf42c5b","modelName":"block_inputs_model"},{"identifier":"block_outputs_model:202-33e48896-4032-4206-9d6e-29aabcf42c5b","modelName":"block_outputs_model"},{"description":"","displayName":"Block","identifier":"block_metadata_model:204-33e48896-4032-4206-9d6e-29aabcf42c5b","modelName":"block_metadata_model"},{"animationMask":{"position":false,"rotation":false,"scale":false},"cameraVisibility":3,"children":[{"animationMask":{"position":false,"rotation":false,"scale":false},"cameraVisibility":3,"children":[{"animationMask":{"position":false,"rotation":false,"scale":false},"cameraVisibility":3,"children":[{"animationMask":{"position":false,"rotation":false,"scale":false},"cameraVisibility":3,"castShadow":false,"children":[{"children":[{"identifier":"surface:1626-33e48896-4032-4206-9d6e-29aabcf42c5b","isMaterialIdentifierEnabled":true,"joints":["joint:1627-33e48896-4032-4206-9d6e-29aabcf42c5b","joint:1628-33e48896-4032-4206-9d6e-29aabcf42c5b","joint:1629-33e48896-4032-4206-9d6e-29aabcf42c5b","joint:1630-33e48896-4032-4206-9d6e-29aabcf42c5b","joint:1631-33e48896-4032-4206-9d6e-29aabcf42c5b","joint:1632-33e48896-4032-4206-9d6e-29aabcf42c5b","joint:1633-33e48896-4032-4206-9d6e-29aabcf42c5b","joint:1634-33e48896-4032-4206-9d6e-29aabcf42c5b","joint:1635-33e48896-4032-4206-9d6e-29aabcf42c5b","joint:1636-33e48896-4032-4206-9d6e-29aabcf42c5b"],"materialIdentifier":"defaultMaterial:116273-6b892593-7770-46ff-b0f8-845415fc0437","modelName":"surface","name":"surface0","sourceIdentifier":"surface:1548-33e48896-4032-4206-9d6e-29aabcf42c5b"}],"identifier":"surfaces:1623-33e48896-4032-4206-9d6e-29aabcf42c5b","modelName":"surfaces","sourceIdentifier":"surfaces:1541-33e48896-4032-4206-9d6e-29aabcf42c5b"},{"identifier":"blend_shapes_model:1639-33e48896-4032-4206-9d6e-29aabcf42c5b","modelName":"blend_shapes_model","sourceIdentifier":"blend_shapes_model:1543-33e48896-4032-4206-9d6e-29aabcf42c5b"}],"hidden":false,"identifier":"mesh:1619-33e48896-4032-4206-9d6e-29aabcf42c5b","layerIdentifier":"layer:206-33e48896-4032-4206-9d6e-29aabcf42c5b","modelName":"mesh","name":"wing_GEO","nodeName":"wing_GEO","numberOfFaces":100,"outputVisibility":3,"prefabIdentifier":"gltf:1545-33e48896-4032-4206-9d6e-29aabcf42c5b","receiveShadow":false,"renderPass":2,"skeletonIdentifier":"skeleton:1620-33e48896-4032-4206-9d6e-29aabcf42c5b","sourceIdentifier":"mesh:1539-33e48896-4032-4206-9d6e-29aabcf42c5b","transform":{"rx":0,"ry":0,"rz":0,"sx":1,"sy":1,"sz":1,"x":0,"y":0,"z":0},"useEmbeddedBlendshapes":false},{"animationMask":{"position":false,"rotation":false,"scale":false},"cameraVisibility":3,"children":[{"animationMask":{"position":false,"rotation":false,"scale":false},"cameraVisibility":3,"children":[{"animationMask":{"position":false,"rotation":false,"scale":false},"cameraVisibility":3,"children":[{"animationMask":{"position":false,"rotation":false,"scale":false},"cameraVisibility":3,"children":[{"animationMask":{"position":false,"rotation":false,"scale":false},"cameraVisibility":3,"children":[{"animationMask":{"position":false,"rotation":false,"scale":false},"cameraVisibility":3,"children":[{"animationMask":{"position":false,"rotation":false,"scale":false},"cameraVisibility":3,"children":[{"animationMask":{"position":false,"rotation":false,"scale":false},"cameraVisibility":3,"children":[{"animationMask":{"position":false,"rotation":false,"scale":false},"cameraVisibility":3,"children":[{"animationMask":{"position":false,"rotation":false,"scale":false},"cameraVisibility":3,"children":[{"animationMask":{"position":false,"rotation":false,"scale":false},"cameraVisibility":3,"children":[{"animationMask":{"position":false,"rotation":false,"scale":false},"cameraVisibility":3,"children":[{"animationMask":{"position":false,"rotation":false,"scale":false},"cameraVisibility":3,"hidden":false,"identifier":"joint:1636-33e48896-4032-4206-9d6e-29aabcf42c5b","layerIdentifier":"layer:206-33e48896-4032-4206-9d6e-29aabcf42c5b","modelName":"joint","name":"wingJ_JNT","outputVisibility":3,"sourceIdentifier":"joint:1572-33e48896-4032-4206-9d6e-29aabcf42c5b","transform":{"rx":0,"ry":0,"rz":0,"sx":1,"sy":1,"sz":1,"x":-1.0683802997846215E-7,"y":0.10183188319206238,"z":2.7851648098931037E-8}}],"hidden":false,"identifier":"joint:1635-33e48896-4032-4206-9d6e-29aabcf42c5b","layerIdentifier":"layer:206-33e48896-4032-4206-9d6e-29aabcf42c5b","modelName":"joint","name":"wingI_JNT","outputVisibility":3,"sourceIdentifier":"joint:1570-33e48896-4032-4206-9d6e-29aabcf42c5b","transform":{"rx":0,"ry":0,"rz":0,"sx":1,"sy":1,"sz":1,"x":3.660471747934935E-8,"y":0.1018320843577385,"z":-8.778171078915875E-9}}],"hidden":false,"identifier":"joint:1634-33e48896-4032-4206-9d6e-29aabcf42c5b","layerIdentifier":"layer:206-33e48896-4032-4206-9d6e-29aabcf42c5b","modelName":"joint","name":"wingH_JNT","outputVisibility":3,"sourceIdentifier":"joint:1568-33e48896-4032-4206-9d6e-29aabcf42c5b","transform":{"rx":0,"ry":0,"rz":0,"sx":1,"sy":1,"sz":1,"x":-8.255941708057435E-8,"y":0.10183188319206238,"z":2.7851648098931037E-8}}],"hidden":false,"identifier":"joint:1633-33e48896-4032-4206-9d6e-29aabcf42c5b","layerIdentifier":"layer:206-33e48896-4032-4206-9d6e-29aabcf42c5b","modelName":"joint","name":"wingG_JNT","outputVisibility":3,"sourceIdentifier":"joint:1566-33e48896-4032-4206-9d6e-29aabcf42c5b","transform":{"rx":0,"ry":0,"rz":0,"sx":1,"sy":1,"sz":1,"x":7.584132788451825E-8,"y":0.10183212161064148,"z":-8.778163973488518E-9}}],"hidden":false,"identifier":"joint:1632-33e48896-4032-4206-9d6e-29aabcf42c5b","layerIdentifier":"layer:206-33e48896-4032-4206-9d6e-29aabcf42c5b","modelName":"joint","name":"wingF_JNT","outputVisibility":3,"sourceIdentifier":"joint:1564-33e48896-4032-4206-9d6e-29aabcf42c5b","transform":{"rx":0,"ry":0,"rz":0,"sx":1,"sy":1,"sz":1,"x":-1.0835544372866934E-7,"y":0.10183188319206238,"z":1.8314921135242912E-8}}],"hidden":false,"identifier":"joint:1631-33e48896-4032-4206-9d6e-29aabcf42c5b","layerIdentifier":"layer:206-33e48896-4032-4206-9d6e-29aabcf42c5b","modelName":"joint","name":"wingE_JNT","outputVisibility":3,"sourceIdentifier":"joint:1562-33e48896-4032-4206-9d6e-29aabcf42c5b","transform":{"rx":0,"ry":0,"rz":0,"sx":1,"sy":1,"sz":1,"x":9.855222771193439E-8,"y":0.10183212161064148,"z":-3.228117861908686E-8}}],"hidden":false,"identifier":"joint:1630-33e48896-4032-4206-9d6e-29aabcf42c5b","layerIdentifier":"layer:206-33e48896-4032-4206-9d6e-29aabcf42c5b","modelName":"joint","name":"wingD_JNT","outputVisibility":3,"sourceIdentifier":"joint:1560-33e48896-4032-4206-9d6e-29aabcf42c5b","transform":{"rx":0,"ry":0,"rz":0,"sx":1,"sy":1,"sz":1,"x":-9.014648583161033E-8,"y":0.10183188319206238,"z":1.8314921135242912E-8}}],"hidden":false,"identifier":"joint:1629-33e48896-4032-4206-9d6e-29aabcf42c5b","layerIdentifier":"layer:206-33e48896-4032-4206-9d6e-29aabcf42c5b","modelName":"joint","name":"wingC_JNT","outputVisibility":3,"sourceIdentifier":"joint:1558-33e48896-4032-4206-9d6e-29aabcf42c5b","transform":{"rx":0,"ry":0,"rz":0,"sx":1,"sy":1,"sz":1,"x":9.014648583161033E-8,"y":0.10183209180831909,"z":-8.778166638023777E-9}}],"hidden":false,"identifier":"joint:1628-33e48896-4032-4206-9d6e-29aabcf42c5b","layerIdentifier":"layer:206-33e48896-4032-4206-9d6e-29aabcf42c5b","modelName":"joint","name":"wingB_JNT","outputVisibility":3,"sourceIdentifier":"joint:1556-33e48896-4032-4206-9d6e-29aabcf42c5b","transform":{"rx":0,"ry":0,"rz":0,"sx":1,"sy":1,"sz":1,"x":-9.014648583161033E-8,"y":0.10183188319206238,"z":2.7851653428001555E-8}}],"hidden":false,"identifier":"joint:1627-33e48896-4032-4206-9d6e-29aabcf42c5b","layerIdentifier":"layer:206-33e48896-4032-4206-9d6e-29aabcf42c5b","modelName":"joint","name":"wingA_JNT","outputVisibility":3,"sourceIdentifier":"joint:1554-33e48896-4032-4206-9d6e-29aabcf42c5b","transform":{"rx":0,"ry":0,"rz":0,"sx":1,"sy":1,"sz":1,"x":0,"y":0,"z":0}}],"hidden":false,"identifier":"skeleton:1620-33e48896-4032-4206-9d6e-29aabcf42c5b","inverseBindMatrices":{"0":{"m11":0.7071068286895752,"m12":-0.7071068286895752,"m13":0,"m14":0,"m21":0.7071068286895752,"m22":0.7071068286895752,"m23":-1.6292068494294654E-7,"m24":0,"m31":1.1520232590100932E-7,"m32":1.1520232590100932E-7,"m33":1,"m34":0,"m41":0.25457999110221863,"m42":0.25457999110221863,"m43":0.2750000059604645,"m44":1},"1":{"m11":0.7071068286895752,"m12":-0.7071068286895752,"m13":0,"m14":0,"m21":0.7071068286895752,"m22":0.7071068286895752,"m23":-1.6292068494294654E-7,"m24":0,"m31":1.1520232590100932E-7,"m32":1.1520232590100932E-7,"m33":1,"m34":0,"m41":0.2545800805091858,"m42":0.15274807810783386,"m43":0.2749999761581421,"m44":1},"2":{"m11":0.7071068286895752,"m12":-0.7071068286895752,"m13":3.879183552157883E-8,"m14":0,"m21":0.7071068286895752,"m22":0.7071068286895752,"m23":-2.565724344094633E-7,"m24":0,"m31":1.539941365535924E-7,"m32":2.088540753675261E-7,"m33":1,"m34":0,"m41":0.254580020904541,"m42":0.050916027277708054,"m43":0.2749999761581421,"m44":1},"3":{"m11":0.7071068286895752,"m12":-0.7071068286895752,"m13":7.758367104315766E-8,"m14":0,"m21":0.7071068286895752,"m22":0.7071068286895752,"m23":-3.5022415545427066E-7,"m24":0,"m31":1.9278594720617548E-7,"m32":3.0250581062318815E-7,"m33":1,"m34":0,"m41":0.2545801103115082,"m42":-0.05091583728790283,"m43":0.2749999463558197,"m44":1},"4":{"m11":0.70710688829422,"m12":-0.7071066498756409,"m13":3.879184617971987E-8,"m14":0,"m21":0.7071066498756409,"m22":0.70710688829422,"m23":-2.565724344094633E-7,"m24":0,"m31":1.5399409392102825E-7,"m32":2.0885410378923552E-7,"m33":1,"m34":0,"m41":0.25457999110221863,"m42":-0.1527479588985443,"m43":0.2749999463558197,"m44":1},"5":{"m11":0.7071070671081543,"m12":-0.7071065902709961,"m13":3.55271401761368E-14,"m14":0,"m21":0.7071065902709961,"m22":0.7071070671081543,"m23":-1.6292071336465597E-7,"m24":0,"m31":1.1520228326844517E-7,"m32":1.1520240406071025E-7,"m33":1,"m34":0,"m41":0.25458019971847534,"m42":-0.2545798718929291,"m43":0.2749999463558197,"m44":1},"6":{"m11":0.7071067094802856,"m12":-0.7071068286895752,"m13":2.842170943040401E-14,"m14":0,"m21":0.7071068286895752,"m22":0.7071067094802856,"m23":-1.6292069915380125E-7,"m24":0,"m31":1.1520231879558196E-7,"m32":1.1520234011186403E-7,"m33":1,"m34":0,"m41":0.25457990169525146,"m42":-0.35641199350357056,"m43":0.2749999165534973,"m44":1},"7":{"m11":0.7071067094802856,"m12":-0.7071068286895752,"m13":2.842170943040401E-14,"m14":0,"m21":0.7071068286895752,"m22":0.7071067094802856,"m23":-1.6292069915380125E-7,"m24":0,"m31":1.1520231879558196E-7,"m32":1.1520234011186403E-7,"m33":1,"m34":0,"m41":0.25457999110221863,"m42":-0.4582439363002777,"m43":0.2749998867511749,"m44":1},"8":{"m11":0.7071068286895752,"m12":-0.7071066498756409,"m13":3.552713339987322E-14,"m14":0,"m21":0.7071066498756409,"m22":0.7071068286895752,"m23":-1.6292068494294654E-7,"m24":0,"m31":1.1520228326844517E-7,"m32":1.1520235432271875E-7,"m33":1,"m34":0,"m41":0.254580020904541,"m42":-0.5600758790969849,"m43":0.27499985694885254,"m44":1},"9":{"m11":0.7071068286895752,"m12":-0.7071066498756409,"m13":3.552713339987322E-14,"m14":0,"m21":0.7071066498756409,"m22":0.7071068286895752,"m23":-1.6292068494294654E-7,"m24":0,"m31":1.1520228326844517E-7,"m32":1.1520235432271875E-7,"m33":1,"m34":0,"m41":0.25458014011383057,"m42":-0.6619077920913696,"m43":0.27499982714653015,"m44":1}},"jointIdentifiers":["joint:1627-33e48896-4032-4206-9d6e-29aabcf42c5b","joint:1628-33e48896-4032-4206-9d6e-29aabcf42c5b","joint:1629-33e48896-4032-4206-9d6e-29aabcf42c5b","joint:1630-33e48896-4032-4206-9d6e-29aabcf42c5b","joint:1631-33e48896-4032-4206-9d6e-29aabcf42c5b","joint:1632-33e48896-4032-4206-9d6e-29aabcf42c5b","joint:1633-33e48896-4032-4206-9d6e-29aabcf42c5b","joint:1634-33e48896-4032-4206-9d6e-29aabcf42c5b","joint:1635-33e48896-4032-4206-9d6e-29aabcf42c5b","joint:1636-33e48896-4032-4206-9d6e-29aabcf42c5b"],"layerIdentifier":"layer:206-33e48896-4032-4206-9d6e-29aabcf42c5b","modelName":"skeleton","name":"skeleton","outputVisibility":3,"sourceIdentifier":"skeleton:1533-33e48896-4032-4206-9d6e-29aabcf42c5b","transform":{"rx":0,"ry":0,"rz":0,"sx":1,"sy":1,"sz":1,"x":0,"y":0,"z":0}}],"hidden":false,"identifier":"sceneObject:1645-33e48896-4032-4206-9d6e-29aabcf42c5b","layerIdentifier":"layer:206-33e48896-4032-4206-9d6e-29aabcf42c5b","modelName":"sceneObject","name":"wingA_JNT_$AssimpFbx$_PreRotation","outputVisibility":3,"sourceIdentifier":"sceneObject:1552-33e48896-4032-4206-9d6e-29aabcf42c5b","transform":{"rx":1.1520231879558196E-7,"ry":-1.1520232590100932E-7,"rz":0.7853981852531433,"sx":0.9999999403953552,"sy":0.9999999403953552,"sz":1,"x":0,"y":0,"z":0}}],"hidden":false,"identifier":"sceneObject:1642-33e48896-4032-4206-9d6e-29aabcf42c5b","layerIdentifier":"layer:206-33e48896-4032-4206-9d6e-29aabcf42c5b","modelName":"sceneObject","name":"wingA_JNT_$AssimpFbx$_Translation","outputVisibility":3,"sourceIdentifier":"sceneObject:1550-33e48896-4032-4206-9d6e-29aabcf42c5b","transform":{"rx":0,"ry":0,"rz":0,"sx":1,"sy":1,"sz":1,"x":0,"y":-0.4,"z":-0.3}}],"depth":0.2750000059604645,"height":0.7200608849525452,"hidden":false,"identifier":"master3_d_object_model:1616-33e48896-4032-4206-9d6e-29aabcf42c5b","layerIdentifier":"layer:206-33e48896-4032-4206-9d6e-29aabcf42c5b","modelName":"3_d_object_instance_model","name":"wing_r","outputVisibility":3,"sourceIdentifier":"master3_d_object_model:1574-33e48896-4032-4206-9d6e-29aabcf42c5b","transform":{"rx":0,"ry":0,"rz":0,"sx":1,"sy":1,"sz":1,"x":0,"y":0,"z":0},"width":0.7200608849525452},{"animationMask":{"position":false,"rotation":false,"scale":false},"cameraVisibility":3,"children":[{"animationMask":{"position":false,"rotation":false,"scale":false},"cameraVisibility":3,"castShadow":false,"children":[{"children":[{"identifier":"surface:2224-33e48896-4032-4206-9d6e-29aabcf42c5b","isMaterialIdentifierEnabled":true,"joints":["joint:2225-33e48896-4032-4206-9d6e-29aabcf42c5b","joint:2226-33e48896-4032-4206-9d6e-29aabcf42c5b","joint:2227-33e48896-4032-4206-9d6e-29aabcf42c5b","joint:2228-33e48896-4032-4206-9d6e-29aabcf42c5b","joint:2229-33e48896-4032-4206-9d6e-29aabcf42c5b","joint:2230-33e48896-4032-4206-9d6e-29aabcf42c5b","joint:2231-33e48896-4032-4206-9d6e-29aabcf42c5b","joint:2232-33e48896-4032-4206-9d6e-29aabcf42c5b","joint:2233-33e48896-4032-4206-9d6e-29aabcf42c5b","joint:2234-33e48896-4032-4206-9d6e-29aabcf42c5b"],"materialIdentifier":"defaultMaterial:116273-6b892593-7770-46ff-b0f8-845415fc0437","modelName":"surface","name":"surface0","sourceIdentifier":"surface:1548-33e48896-4032-4206-9d6e-29aabcf42c5b"}],"identifier":"surfaces:2221-33e48896-4032-4206-9d6e-29aabcf42c5b","modelName":"surfaces","sourceIdentifier":"surfaces:1541-33e48896-4032-4206-9d6e-29aabcf42c5b"},{"identifier":"blend_shapes_model:2237-33e48896-4032-4206-9d6e-29aabcf42c5b","modelName":"blend_shapes_model","sourceIdentifier":"blend_shapes_model:1543-33e48896-4032-4206-9d6e-29aabcf42c5b"}],"hidden":false,"identifier":"mesh:2217-33e48896-4032-4206-9d6e-29aabcf42c5b","layerIdentifier":"layer:206-33e48896-4032-4206-9d6e-29aabcf42c5b","modelName":"mesh","name":"wing_GEO","nodeName":"wing_GEO","numberOfFaces":100,"outputVisibility":3,"prefabIdentifier":"gltf:1545-33e48896-4032-4206-9d6e-29aabcf42c5b","receiveShadow":false,"renderPass":2,"skeletonIdentifier":"skeleton:2218-33e48896-4032-4206-9d6e-29aabcf42c5b","sourceIdentifier":"mesh:1539-33e48896-4032-4206-9d6e-29aabcf42c5b","transform":{"rx":0,"ry":0,"rz":0,"sx":1,"sy":1,"sz":1,"x":0,"y":0,"z":0},"useEmbeddedBlendshapes":false},{"animationMask":{"position":false,"rotation":false,"scale":false},"cameraVisibility":3,"children":[{"animationMask":{"position":false,"rotation":false,"scale":false},"cameraVisibility":3,"children":[{"animationMask":{"position":false,"rotation":false,"scale":false},"cameraVisibility":3,"children":[{"animationMask":{"position":false,"rotation":false,"scale":false},"cameraVisibility":3,"children":[{"animationMask":{"position":false,"rotation":false,"scale":false},"cameraVisibility":3,"children":[{"animationMask":{"position":false,"rotation":false,"scale":false},"cameraVisibility":3,"children":[{"animationMask":{"position":false,"rotation":false,"scale":false},"cameraVisibility":3,"children":[{"animationMask":{"position":false,"rotation":false,"scale":false},"cameraVisibility":3,"children":[{"animationMask":{"position":false,"rotation":false,"scale":false},"cameraVisibility":3,"children":[{"animationMask":{"position":false,"rotation":false,"scale":false},"cameraVisibility":3,"children":[{"animationMask":{"position":false,"rotation":false,"scale":false},"cameraVisibility":3,"children":[{"animationMask":{"position":false,"rotation":false,"scale":false},"cameraVisibility":3,"children":[{"animationMask":{"position":false,"rotation":false,"scale":false},"cameraVisibility":3,"hidden":false,"identifier":"joint:2234-33e48896-4032-4206-9d6e-29aabcf42c5b","layerIdentifier":"layer:206-33e48896-4032-4206-9d6e-29aabcf42c5b","modelName":"joint","name":"wingJ_JNT","outputVisibility":3,"sourceIdentifier":"joint:1572-33e48896-4032-4206-9d6e-29aabcf42c5b","transform":{"rx":0,"ry":0,"rz":0,"sx":1,"sy":1,"sz":1,"x":-1.0683802997846215E-7,"y":0.10183188319206238,"z":2.7851648098931037E-8}}],"hidden":false,"identifier":"joint:2233-33e48896-4032-4206-9d6e-29aabcf42c5b","layerIdentifier":"layer:206-33e48896-4032-4206-9d6e-29aabcf42c5b","modelName":"joint","name":"wingI_JNT","outputVisibility":3,"sourceIdentifier":"joint:1570-33e48896-4032-4206-9d6e-29aabcf42c5b","transform":{"rx":0,"ry":0,"rz":0,"sx":1,"sy":1,"sz":1,"x":3.660471747934935E-8,"y":0.1018320843577385,"z":-8.778171078915875E-9}}],"hidden":false,"identifier":"joint:2232-33e48896-4032-4206-9d6e-29aabcf42c5b","layerIdentifier":"layer:206-33e48896-4032-4206-9d6e-29aabcf42c5b","modelName":"joint","name":"wingH_JNT","outputVisibility":3,"sourceIdentifier":"joint:1568-33e48896-4032-4206-9d6e-29aabcf42c5b","transform":{"rx":0,"ry":0,"rz":0,"sx":1,"sy":1,"sz":1,"x":-8.255941708057435E-8,"y":0.10183188319206238,"z":2.7851648098931037E-8}}],"hidden":false,"identifier":"joint:2231-33e48896-4032-4206-9d6e-29aabcf42c5b","layerIdentifier":"layer:206-33e48896-4032-4206-9d6e-29aabcf42c5b","modelName":"joint","name":"wingG_JNT","outputVisibility":3,"sourceIdentifier":"joint:1566-33e48896-4032-4206-9d6e-29aabcf42c5b","transform":{"rx":0,"ry":0,"rz":0,"sx":1,"sy":1,"sz":1,"x":7.584132788451825E-8,"y":0.10183212161064148,"z":-8.77816